74,5
74,4
362,20
362,34
362,33
362,17
362,32
362,31
362,30
362,29
362,28
362,27
362,26
362,25
362,11
362,10
362,9
362,24
362,23
362,5
362,6
362,22
362,21
362,7
362,19
362,8
362,18
362,16
362,4
362,15
362,14
362,13
362,12
354,7
354,6
354,5
348,7
348,6
390,199
390,16
390,107
390,198
390,197
390,106
390,105
390,62
390,104
390,195
390,103
390,102
390,196
390,194
390,101
390,100
390,99
390,42
390,98
390,97
390,96
390,193
390,192
390,61
390,132
390,95
390,94
390,93
390,131
390,128
390,92
390,91
390,130
390,17
390,129
390,30
390,90
390,89
390,88
390,87
390,86
390,85
390,84
390,83
390,82
390,47
390,81
390,80
390,79
390,63
390,60
390,59
390,78
390,9
390,77
390,76
390,75
390,74
390,73
390,58
390,57
390,72
390,71
390,70
390,69
390,68
390,56
390,67
390,51
390,66
390,65
390,64
390,14
390,55
390,54
390,53
390,52
390,43
390,50
390,49
390,48
390,46
390,45
390,44
390,10
390,41
390,40
390,39
390,38
390,37
390,36
390,12
390,35
390,34
390,21
390,33
390,32
390,31
390,29
390,28
390,27
390,23
390,26
390,25
390,24
390,22
390,20
390,19
390,18
390,15
390,13
390,11
390,4
390,8
390,7
390,6
390,5
369,4
369,8
369,7
369,6
369,5
368,6
368,5
336,103
336,102
336,128
336,63
336,101
336,100
336,99
336,62
336,98
336,97
336,96
336,61
336,95
336,94
336,60
336,93
336,92
336,91
336,90
336,58
336,89
336,59
336,88
336,57
336,87
336,86
336,85
336,56
336,84
336,83
336,55
336,82
336,81
336,80
336,79
336,54
336,78
336,77
336,53
336,76
336,75
336,74
336,73
336,72
336,71
336,52
336,70
336,69
336,68
336,67
336,66
336,65
336,49
336,64
336,51
336,50
336,44
336,48
336,47
336,46
336,45
336,40
336,43
336,42
336,41
336,36
336,39
336,38
336,37
336,30
336,35
336,34
336,33
336,32
336,31
336,16
336,29
336,28
336,27
336,26
336,25
336,13
336,24
336,23
336,22
336,21
336,20
336,10
336,19
336,18
336,17
336,15
336,14
336,9
336,12
336,11
336,4
336,8
336,7
336,6
336,5
317,45
317,44
317,43
317,24
317,42
317,13
317,41
317,40
317,9
317,39
317,38
317,37
317,36
317,35
317,34
317,33
317,32
317,31
317,10
317,30
317,29
317,28
317,27
317,21
317,26
317,25
317,17
317,23
317,22
317,20
317,19
317,18
317,16
317,15
317,14
317,12
317,11
317,4
317,8
317,7
317,6
317,5
314,23
314,22
314,21
314,20
314,19
314,14
314,18
314,17
314,16
314,15
314,11
314,13
314,12
314,10
314,4
314,9
314,8
314,7
314,6
314,5
304,52
304,51
304,50
304,45
304,49
304,48
304,47
304,40
304,46
304,41
304,44
304,43
304,42
304,37
304,35
304,39
304,38
304,33
304,36
304,30
304,34
304,29
304,32
304,31
304,27
304,25
304,28
304,23
304,26
304,22
304,24
304,16
304,19
304,21
304,20
304,14
304,18
304,17
304,13
304,15
304,10
304,12
304,5
304,11
304,9
304,4
304,8
304,7
304,6
251,279
251,239
251,237
251,278
251,277
251,238
251,236
251,276
251,275
251,233
251,274
251,273
251,272
251,235
251,234
251,232
251,271
251,229
251,270
251,269
251,268
251,231
251,230
251,228
251,267
251,266
251,227
251,265
251,264
251,226
251,263
251,262
251,225
251,261
251,224
251,260
251,259
251,222
251,258
251,257
251,256
251,223
251,221
251,127
251,126
251,220
251,125
251,124
251,219
251,123
251,122
251,218
251,121
251,120
251,217
251,119
251,215
251,118
251,117
251,116
251,216
251,214
251,115
251,114
251,213
251,113
251,112
251,212
251,111
251,110
251,211
251,109
251,108
251,210
251,107
251,208
251,106
251,105
251,104
251,209
251,207
251,103
251,102
251,206
251,101
251,100
251,205
251,99
251,98
251,204
251,97
251,96
251,203
251,95
251,94
251,201
251,93
251,92
251,202
251,200
251,91
251,90
251,199
251,89
251,88
251,198
251,87
251,86
251,197
251,85
251,84
251,196
251,83
251,82
251,194
251,81
251,80
251,195
251,193
251,79
251,78
251,192
251,77
251,131
251,76
251,75
251,74
251,132
251,130
251,73
251,72
251,129
251,71
251,70
251,63
251,69
251,68
251,128
251,62
251,67
251,66
251,59
251,65
251,64
251,61
251,60
251,56
251,58
251,57
251,50
251,55
251,54
251,53
251,52
251,51
251,45
251,49
251,48
251,47
251,46
251,40
251,44
251,43
251,42
251,41
251,37
251,39
251,38
251,33
251,36
251,35
251,34
251,31
251,32
251,28
251,30
251,29
251,23
251,27
251,26
251,25
251,24
251,19
251,22
251,21
251,16
251,20
251,18
251,17
251,11
251,15
251,14
251,13
251,12
251,9
251,10
251,8
251,4
251,7
251,6
251,5
246,69
246,61
246,60
246,68
246,67
246,66
246,39
246,65
246,64
246,59
246,45
246,58
246,57
246,56
246,52
246,55
246,54
246,35
246,53
246,51
246,46
246,50
246,49
246,48
246,31
246,47
246,43
246,44
246,8
246,42
246,41
246,40
246,38
246,37
246,36
246,34
246,33
246,32
246,27
246,30
246,29
246,28
246,22
246,26
246,25
246,24
246,23
246,17
246,21
246,20
246,19
246,18
246,12
246,16
246,15
246,14
246,13
246,9
246,11
246,10
246,4
246,7
246,6
246,5
245,42
245,41
245,35
245,40
245,39
245,12
245,38
245,37
245,36
245,13
245,34
245,29
245,33
245,32
245,31
245,20
245,30
245,19
245,28
245,27
245,26
245,25
245,24
245,10
245,23
245,22
245,21
245,11
245,18
245,17
245,16
245,15
245,14
245,5
245,4
245,9
245,8
245,7
245,6
243,40
243,39
243,38
243,37
243,19
243,36
243,35
243,34
243,33
243,32
243,31
243,30
243,6
243,5
243,29
243,7
243,21
243,28
243,27
243,26
243,25
243,24
243,23
243,22
243,13
243,20
243,14
243,18
243,17
243,16
243,15
243,4
243,12
243,11
243,10
243,9
243,8
240,129
240,88
240,87
240,128
240,86
240,85
240,84
240,75
240,83
240,82
240,67
240,81
240,80
240,79
240,78
240,77
240,76
240,10
240,66
240,74
240,73
240,72
240,71
240,70
240,69
240,68
240,61
240,58
240,65
240,64
240,63
240,62
240,55
240,60
240,59
240,56
240,57
240,52
240,50
240,54
240,53
240,49
240,51
240,44
240,47
240,48
240,45
240,46
240,42
240,36
240,43
240,39
240,41
240,34
240,40
240,38
240,37
240,24
240,35
240,26
240,33
240,32
240,9
240,31
240,30
240,29
240,28
240,27
240,21
240,25
240,19
240,23
240,22
240,16
240,20
240,14
240,18
240,17
240,12
240,15
240,13
240,4
240,11
240,5
240,8
240,7
240,6
238,21
238,20
238,11
238,19
238,12
238,18
238,17
238,14
238,16
238,15
238,10
238,13
238,5
238,9
238,4
238,8
238,7
238,6
236,160
236,159
236,158
236,196
236,195
236,194
236,193
236,157
236,192
236,156
236,63
236,62
236,155
236,61
236,60
236,154
236,153
236,152
236,151
236,150
236,149
236,148
236,147
236,146
236,145
236,59
236,56
236,144
236,58
236,54
236,143
236,142
236,141
236,57
236,55
236,140
236,139
236,138
236,137
236,136
236,135
236,134
236,133
236,132
236,131
236,130
236,129
236,128
236,127
236,126
236,125
236,124
236,123
236,122
236,121
236,52
236,53
236,120
236,119
236,118
236,117
236,116
236,115
236,51
236,114
236,113
236,112
236,111
236,110
236,109
236,108
236,107
236,106
236,105
236,104
236,103
236,50
236,102
236,101
236,100
236,99
236,49
236,98
236,97
236,96
236,95
236,94
236,93
236,92
236,91
236,90
236,89
236,47
236,88
236,87
236,86
236,85
236,48
236,84
236,83
236,82
236,81
236,80
236,79
236,42
236,78
236,77
236,76
236,75
236,74
236,73
236,72
236,71
236,37
236,70
236,68
236,67
236,66
236,36
236,65
236,64
236,46
236,45
236,44
236,43
236,30
236,41
236,40
236,39
236,38
236,25
236,35
236,6
236,34
236,33
236,32
236,31
236,29
236,4
236,28
236,27
236,26
236,24
236,5
236,23
236,22
236,21
236,20
236,19
236,18
236,17
236,16
236,15
236,14
236,13
236,12
236,11
236,10
236,9
236,8
236,7
201,481
201,919
201,918
201,47
201,822
201,557
201,20
201,821
201,488
201,820
201,274
201,917
201,819
201,818
201,916
201,1087
201,392
201,915
201,914
201,913
201,912
201,911
201,436
201,426
201,910
201,556
201,546
201,817
201,802
201,909
201,435
201,487
201,483
201,908
201,816
201,907
201,555
201,906
201,905
201,554
201,434
201,433
201,904
201,486
201,281
201,903
201,902
201,815
201,311
201,901
201,900
201,424
201,553
201,515
201,899
201,432
201,398
201,895
201,894
201,893
201,534
201,552
201,548
201,431
201,427
201,892
201,485
201,484
201,451
201,891
201,960
201,890
201,889
201,814
201,795
201,888
201,887
201,813
201,812
201,313
201,312
201,886
201,885
201,811
201,884
201,810
201,430
201,418
201,551
201,118
201,883
201,882
201,881
201,423
201,880
201,550
201,544
201,879
201,878
201,482
201,277
201,429
201,91
201,877
201,876
201,809
201,808
201,318
201,317
201,875
201,874
201,873
201,872
201,871
201,870
201,869
201,807
201,549
201,54
201,530
201,428
201,405
201,868
201,867
201,425
201,866
201,865
201,864
201,76
201,806
201,547
201,805
201,863
201,304
201,862
201,861
201,480
201,860
201,804
201,803
201,794
201,479
201,478
201,859
201,858
201,857
201,801
201,856
201,855
201,854
201,853
201,800
201,852
201,467
201,851
201,850
201,849
201,848
201,847
201,846
201,845
201,844
201,422
201,477
201,476
201,843
201,462
201,545
201,842
201,841
201,840
201,99
201,402
201,839
201,838
201,543
201,542
201,898
201,897
201,390
201,837
201,541
201,896
201,836
201,799
201,835
201,834
201,833
201,767
201,766
201,798
201,797
201,796
201,475
201,765
201,764
201,763
201,762
201,761
201,474
201,117
201,768
201,525
201,760
201,759
201,421
201,758
201,463
201,757
201,793
201,792
201,791
201,790
201,756
201,420
201,278
201,755
201,754
201,753
201,789
201,419
201,270
201,752
201,751
201,750
201,749
201,748
201,747
201,788
201,787
201,786
201,785
201,746
201,473
201,468
201,745
201,540
201,64
201,744
201,743
201,784
201,783
201,539
201,528
201,472
201,417
201,742
201,416
201,741
201,740
201,471
201,458
201,739
201,738
201,105
201,737
201,782
201,736
201,538
201,104
201,735
201,470
201,469
201,734
201,733
201,103
201,732
201,731
201,730
201,729
201,728
201,727
201,726
201,725
201,724
201,781
201,723
201,722
201,721
201,780
201,779
201,778
201,720
201,719
201,718
201,717
201,832
201,115
201,537
201,92
201,716
201,715
201,714
201,27
201,415
201,413
201,713
201,536
201,81
201,414
201,82
201,712
201,711
201,777
201,710
201,709
201,708
201,707
201,706
201,705
201,466
201,80
201,703
201,702
201,776
201,775
201,769
201,412
201,411
201,701
201,700
201,699
201,465
201,698
201,697
201,696
201,535
201,695
201,59
201,694
201,693
201,60
201,692
201,691
201,690
201,689
201,774
201,316
201,688
201,773
201,410
201,409
201,687
201,686
201,533
201,532
201,685
201,684
201,683
201,682
201,681
201,680
201,679
201,678
201,531
201,408
201,772
201,62
201,677
201,771
201,770
201,71
201,69
201,676
201,464
201,675
201,407
201,674
201,673
201,314
201,672
201,671
201,406
201,670
201,75
201,669
201,668
201,667
201,666
201,529
201,52
201,665
201,664
201,454
201,663
201,662
201,661
201,704
201,639
201,404
201,32
201,638
201,40
201,637
201,636
201,319
201,635
201,660
201,659
201,106
201,658
201,657
201,656
201,655
201,654
201,653
201,652
201,315
201,310
201,651
201,108
201,114
201,527
201,650
201,526
201,403
201,83
201,649
201,648
201,647
201,646
201,645
201,644
201,643
201,642
201,641
201,640
201,634
201,633
201,632
201,631
201,630
201,629
201,628
201,524
201,523
201,627
201,626
201,625
201,309
201,308
201,307
201,624
201,94
201,401
201,399
201,623
201,622
201,621
201,522
201,400
201,620
201,619
201,461
201,448
201,305
201,521
201,517
201,618
201,617
201,616
201,615
201,614
201,613
201,49
201,612
201,611
201,610
201,609
201,306
201,608
201,607
201,460
201,456
201,606
201,391
201,605
201,604
201,603
201,602
201,601
201,600
201,599
201,397
201,598
201,597
201,596
201,595
201,594
201,593
201,459
201,285
201,592
201,591
201,590
201,455
201,589
201,588
201,587
201,586
201,303
201,302
201,301
201,585
201,520
201,296
201,584
201,583
201,582
201,581
201,457
201,580
201,579
201,67
201,396
201,291
201,578
201,577
201,576
201,383
201,382
201,300
201,381
201,519
201,289
201,380
201,379
201,378
201,298
201,377
201,395
201,282
201,376
201,84
201,375
201,374
201,518
201,516
201,373
201,372
201,371
201,370
201,369
201,368
201,367
201,41
201,394
201,366
201,393
201,37
201,31
201,365
201,364
201,363
201,362
201,361
201,360
201,359
201,24
201,358
201,513
201,357
201,57
201,356
201,389
201,355
201,354
201,453
201,353
201,352
201,351
201,294
201,293
201,292
201,350
201,349
201,348
201,347
201,295
201,387
201,514
201,512
201,346
201,345
201,344
201,343
201,452
201,77
201,342
201,299
201,341
201,340
201,339
201,388
201,385
201,338
201,297
201,450
201,102
201,337
201,336
201,283
201,335
201,334
201,333
201,332
201,331
201,330
201,386
201,384
201,329
201,449
201,38
201,328
201,327
201,326
201,290
201,325
201,324
201,323
201,322
201,321
201,320
201,275
201,255
201,266
201,265
201,264
201,254
201,286
201,253
201,252
201,251
201,250
201,249
201,284
201,248
201,288
201,247
201,287
201,246
201,245
201,244
201,279
201,243
201,242
201,241
201,240
201,239
201,119
201,238
201,123
201,237
201,236
201,235
201,234
201,280
201,276
201,233
201,232
201,231
201,230
201,229
201,228
201,227
201,272
201,226
201,124
201,225
201,224
201,223
201,273
201,222
201,263
201,221
201,271
201,258
201,260
201,220
201,219
201,269
201,268
201,116
201,267
201,218
201,111
201,110
201,109
201,217
201,127
201,216
201,215
201,214
201,262
201,213
201,212
201,261
201,257
201,211
201,210
201,259
201,209
201,208
201,125
201,126
201,256
201,207
201,206
201,122
201,205
201,204
201,203
201,120
201,28
201,202
201,201
201,200
201,199
201,198
201,197
201,196
201,101
201,195
201,194
201,193
201,121
201,192
201,93
201,191
201,112
201,85
201,190
201,189
201,188
201,187
201,186
201,96
201,185
201,184
201,113
201,183
201,182
201,181
201,97
201,89
201,88
201,87
201,180
201,100
201,179
201,178
201,177
201,176
201,107
201,175
201,174
201,173
201,172
201,171
201,170
201,169
201,168
201,167
201,166
201,165
201,78
201,164
201,163
201,162
201,161
201,160
201,159
201,158
201,157
201,98
201,86
201,156
201,155
201,154
201,153
201,152
201,95
201,151
201,150
201,149
201,148
201,147
201,90
201,146
201,145
201,144
201,73
201,143
201,142
201,141
201,140
201,139
201,138
201,79
201,137
201,136
201,135
201,134
201,133
201,132
201,131
201,130
201,129
201,128
201,74
201,72
201,70
201,68
201,9
201,8
201,6
201,66
201,65
201,63
201,61
201,7
201,58
201,56
201,55
201,53
201,5
201,51
201,50
201,48
201,46
201,45
201,44
201,43
201,42
201,39
201,36
179,4
201,35
201,34
201,33
201,30
201,29
201,10
201,26
201,25
201,23
201,4
201,22
201,21
201,19
201,11
201,18
201,17
201,16
201,15
201,14
201,13
201,12
196,16
196,11
196,15
196,14
196,13
196,9
196,12
196,10
196,8
196,4
196,7
196,6
196,5
184,23
184,22
184,21
184,20
184,19
184,18
184,17
184,16
184,15
184,14
184,13
184,12
184,11
207,8
207,7
207,6
207,5
206,8
206,7
206,6
206,5
21,30
21,29
21,28
21,27
21,26
21,25
21,24
21,23
21,22
21,21
21,20
21,19
21,18
21,17
21,16
21,15
21,14
21,13
21,12
21,11
21,10
21,9
21,8
21,7
21,6
21,5
96,116
96,115
96,114
96,113
96,112
96,111
96,110
96,109
96,108
96,107
96,106
96,105
96,104
96,103
96,102
96,101
96,100
96,99
96,98
96,97
96,96
96,95
96,94
96,93
96,92
96,91
96,90
96,89
96,88
96,87
96,86
96,85
96,84
96,83
96,82
96,81
96,80
96,79
96,78
96,77
96,76
96,75
96,74
96,73
96,72
96,71
96,70
96,69
96,68
96,67
96,66
96,65
96,64
96,36
96,35
96,34
96,33
96,32
96,31
96,30
96,29
96,28
96,27
96,26
96,25
96,24
96,23
96,22
96,21
96,20
96,19
96,18
96,17
96,16
96,15
96,14
96,13
96,12
96,11
96,10
96,9
96,8
96,7
96,6
96,5
410,3
410,2
410,1
410,0
409,4
409,3
409,2
409,1
409,0
408,4
408,3
408,2
408,1
408,0
407,4
407,3
407,2
407,1
407,0
406,4
406,3
406,2
406,1
406,0
405,4
405,3
405,2
405,1
405,0
404,5
404,4
404,3
